0 0.173516 0.288889 0.168950 0.170370
0 0.381279 0.461111 0.168950 0.174074
0 0.173516 0.483333 0.168950 0.174074
0 0.035388 0.485185 0.066210 0.140741
0 0.178082 0.870370 0.328767 0.259259
0 0.324201 0.635185 0.242009 0.292593
0 0.085616 0.648148 0.166667 0.170370
0 0.605023 0.627778 0.255708 0.262963
0 0.875571 0.707407 0.248858 0.244444
0 0.619863 0.862963 0.340183 0.274074
0 0.121005 0.359259 0.168950 0.170370
0 0.356164 0.259259 0.168950 0.170370
0 0.262557 0.377778 0.168950 0.170370
0 0.625571 0.262963 0.168950 0.170370
0 0.490868 0.266667 0.168950 0.170370
0 0.429224 0.392593 0.168950 0.170370
0 0.614155 0.418519 0.168950 0.170370
0 0.794521 0.270370 0.168950 0.170370
0 0.833333 0.435185 0.168950 0.174074
0 0.872146 0.509259 0.168950 0.174074
0 0.614155 0.481481 0.168950 0.170370